GRLIB_Marker_ATM = [];

GRLIB_Marker_SRV = [[3292.77,4285.55,0],[8157.49,4627.39,0],[11871.4,5905.28,0],[9952.75,9367.48,0],[4848.45,7240.3,0],[7595.88,1471.78,0],[9101.49,11197.8,0],[3775.95,9511.84,0],[7109.81,8996.11,0]];

GRLIB_Marker_FUEL = [[1892.89,2500.75,0],[9629.15,2465.81,0],[6189.2,4633.92,0],[9811.54,9072.06,0],[10421.5,6328.63,0],[6874.95,7945.82,0],[4158.26,9653.39,0]];

GRLIB_Marker_SHOP = [[8819.32,4282.95,0],[4859.95,7294.52,0.722234],[6433.28,11020.1,0],[11328,8387.54,0.896441],[2601.35,9390.48,0.293072],[2548.32,4554,0.671416]];
