GRLIB_Marker_ATM = [];

GRLIB_Marker_SRV = [[8629.28,3194.08,0],[2934.16,2538.15,0],[2637.25,4954.13,0],[2174.29,8692.41,0],[8328.28,6443.83,0],[6741.38,1691.77,0],[10248.5,9057.43,0],[5493.45,11270.8,0]];

GRLIB_Marker_FUEL = [[10304.6,8329.99,0],[1550.3,3235.21,0],[7403.72,1413.65,0],[6494.07,7059.09,0],[1979.31,10090.3,0],[9609.48,12172.2,0]];

GRLIB_Marker_SHOP = [[2536.36,4019.26,0.814575],[5147.15,1486.12,0.557823],[9377.94,6235.89,0],[5699.99,8256.61,0],[11205.4,1032.3,0],[8383.36,11616.4,0]];
