GRLIB_Marker_ATM = [];

GRLIB_Marker_SRV = [[26733.5,29215.2,0],[36335,15839.1,0],[27391.7,11216.3,0],[23269,6198.93,0],[14049.8,4540.25,0],[8067.47,1700.47,0],[6224.3,8821.21,0],[4554.13,21897.7,0],[5962.28,32413.8,0],[24586.2,21306.5,0],[21425,36489.8,0]];

GRLIB_Marker_FUEL = [[15260.1,760.809,0],[37837.6,6204.05,0],[23739.4,6411.36,0],[20790,5030.18,0],[18391.3,5465.04,0],[19146.2,3293.41,0],[10119.4,3857.92,0],[9475.69,6465.94,0],[10377.8,7832.82,0],[18178.4,7922.31,0],[19456.4,9543.85,0],[6938.18,12283.1,0],[26151.1,12938.9,0],[30978.6,20837.8,0],[17624.6,19429.3,0],[22089.3,24019,0],[21215.2,31400.9,0]];

GRLIB_Marker_SHOP = [[32687.5,22525.2,0],[30949.1,12019.3,0],[20696.5,6675.4,0],[12669.8,7509.86,0.488129],[5099.89,12372.4,0],[13006.5,23045.7,0],[15280,33917.7,1.52588e-05],[6413.39,38292.9,1.52588e-05],[32786.4,31474.6,0],[26999.2,36511.8,1.52588e-05],[4572.59,27891.2,0.155945],[22162.4,16455.8,0.311905]];
