GRLIB_Marker_ATM = [];
GRLIB_Marker_SRV = [[10135.8,5651.83,0],[2360.26,3895.96,0],[7537.62,2807.52,0],[14980.8,7209.22,0],[5790.29,15193,0],[12807.2,13446.5,0],[6059.8,16599.2,0],[11608.8,9778.84,0],[17029,16885,0]];
GRLIB_Marker_FUEL = [[17114.6,3701.11,0],[6461.57,3371.02,0],[7472.45,6839.16,0],[2879.24,13142.1,0],[16465,18896.5,0],[1195.83,18463.4,0],[13959.1,12505.4,0],[2366.15,3901.1,0],[14862,7291.78,0],[3879.29,10360.6,0]];
GRLIB_Marker_SHOP = [[13055,5946.4,0],[4514.54,8618.98,0.610734],[6565.51,15440.6,0.466312],[15398.5,17356.1,0.781364]];
