GRLIB_Marker_ATM = [[6051.76,8434.36,0],[11512,15286.3,0],[17286.9,17340.7,0]];

GRLIB_Marker_SRV = [[17675.6,3585.99,0],[18143.4,18621.6,0],[10789.1,18380.6,0],[9133.18,14955.8,0],[12429.2,12404.1,0],[6991.67,10884.7,0],[4402.07,8996.83,0],[2513.12,12872.1,0],[5432.87,17525.7,0]];

GRLIB_Marker_FUEL = [[2205.42,11748.2,0],[6223.03,9138.94,0],[12911.5,12748.1,0],[9972.1,15012.8,0],[18608.2,17369.9,0],[16223,2301.31,0],[2517.81,13615.8,0],[3172.37,15116.8,0]];

GRLIB_Marker_SHOP = [[5844.02,9452.55,0],[11718.1,12389.2,0.728989],[5800.43,13962.7,0],[11835.2,16701.9,1.51478],[5411.68,16277.8,0],[18476.5,19212.4,0],[19413.9,5003.34,0]];
