GRLIB_Marker_ATM = [];

GRLIB_Marker_SRV = [[5518.42,2995.66,0],[4704.44,5237.43,0],[9819.74,3804.95,0],[7118.73,6967.7,0],[8823.7,10071.7,0]];

GRLIB_Marker_FUEL = [[8838.09,1199.3,0],[8986.12,2035.68,0],[6535.14,3999.67,0],[5142.41,6085.25,0],[4864.7,4002.83,0],[9307.35,973.631,0]];

GRLIB_Marker_SHOP = [[9306.21,934.744,0.514999],[6647.77,3145.23,0.671],[7463.2,6963.52,0.670988],[9668.24,9806.44,0.671001]];
