GRLIB_Marker_ATM = [];
GRLIB_Marker_SRV = [[4431.95,7268.65,0],[892.288,6657.63,0],[4165.36,3672.81,0]];
GRLIB_Marker_FUEL = [[4436.47,7279.43,0],[910.774,6685.99,0],[4169.46,3685.15,0]];
GRLIB_Marker_SHOP = [[4430.99,7265.51,-0.0818748],[889.811,6656.88,0],[4163.21,3671.91,-0.081871]];
