GRLIB_Marker_ATM = [];
GRLIB_Marker_SRV = [[5488.97,3187.02,0],[4406.59,13031.7,0],[9010.13,16183,0],[10655.9,8491.68,0],[16793.9,7508.7,0],[17832.8,2204.78,0],[14430.5,18952,0]];
GRLIB_Marker_FUEL = [[11410.3,6625.64,0],[12237.5,5552.73,0],[10665.2,2818.59,0],[17305.3,6225.55,0],[12968.8,17663.2,0],[5068.84,10409.1,0]];
GRLIB_Marker_SHOP = [[10656.7,10068,0],[8899.71,4687.75,0.823219],[17942,2797.42,0],[12994.5,15238.4,0.484467]];
