GRLIB_Marker_ATM = [];

GRLIB_Marker_SRV = [[12590.5,1199.9,0],[16649.7,2168.91,0],[18860.6,4074.3,0],[18846.1,7410.03,0],[13401.8,11393.1,0],[6463.84,2664.2,0],[1848.28,8010.32,0],[9483.01,9449.37,0],[16820.7,12389.7,0],[14940.6,17692.4,0],[4333.32,11676.4,0],[2000.28,18288.9,0],[9726.38,18106.5,0],[13775.4,5071.62,0],[8768.78,15578.9,0]];

GRLIB_Marker_FUEL = [[13694.3,1331.75,0],[16632.2,2216.17,0],[19444.2,7240.68,0],[10262.9,7674.14,0],[1575.6,4399.68,0],[4337.39,11647.6,0],[14952,17694.8,0],[4500.78,15580.8,0],[1110.9,7822.91,0],[13935.1,11843.5,0]];

GRLIB_Marker_SHOP = [[13979.5,1258.72,0],[18837.1,2582.6,0],[16819.2,9187.64,0.693169],[7375.82,6384.75,0.693169],[4463.87,12612.2,0.674779],[17796.2,16799,0.766471],[9687.05,18118.2,0.620367]];
