GRLIB_Marker_ATM = [];
GRLIB_Marker_SRV = [[4316.85,8091.38,0],[2457.75,2660.91,0],[6365.9,2511.55,0],[7042.59,4849.15,0]];
GRLIB_Marker_FUEL = [[4194.68,8091.77,0],[1812.78,1849.87,0],[6354.69,2490.63,0],[7028.15,4836,0]];
GRLIB_Marker_SHOP = [[4309.16,8090.07,0],[2460.21,2665.4,0.312836],[6361.65,2510.72,0.34819],[7038.71,4851.39,0]];
