GRLIB_Marker_ATM = [];

GRLIB_Marker_SRV = [[4223.89,1262.11,0],[6889.08,2589.88,0],[3223.73,5007.76,0],[8105.42,6697.86,0],[2245.49,7405.2,0]];

GRLIB_Marker_FUEL = [[5250.85,1705.61,0],[9272.74,9774.88,0]];

GRLIB_Marker_SHOP = [[3667.32,3000.46,0],[5928.91,5451.23,0.481232],[2384.46,8305.25,0.254547],[6595.35,7639.75,0.393158],[9278.39,3512.83,0]];
