GRLIB_Marker_ATM = [[1000.57,4143.9,0],[1000.57,4143.9,0],[8847.57,5627.05,0],[2879.35,9632.21,0]];

GRLIB_Marker_SRV = [[3068.56,9432.24,0],[1050.2,8605.69,0],[1410.11,7513.25,0],[4342.9,5847.23,0],[2174.63,2253.14,0],[1009.01,1082.9,0],[9130.93,1490.09,0],[7821.71,7345.76,0],[6880.44,5661.24,0],[4543.88,7342.41,0]];

GRLIB_Marker_FUEL = [[528.665,4464.84,0],[1063.81,978.679,0],[3167.3,1699.2,0],[4426.73,349.164,0],[8822.9,5610.48,0],[7830.85,7719.78,0],[2634.98,8906.61,0],[3084.98,9415.04,0]];

GRLIB_Marker_SHOP = [[1168.37,7721.51,0],[2549.75,3095.46,0.59849],[9667.01,1355.77,0.754508],[8677.07,5765.57,0],[4632.01,4902.68,0],[3583.15,7932.8,0.512449],[7671.67,7722.56,0.668449]];
