GRLIB_Marker_ATM = [];

GRLIB_Marker_SRV = [[6906.73,4121.86,0],[10474.3,6710.6,0],[7074.63,7567.11,0],[1603.39,9400.45,0],[7237.8,11448.4,0],[498.594,2370.51,0],[6074.08,1317.12,0]];

GRLIB_Marker_FUEL = [[5499.14,1568.82,0],[2763.12,2501.72,0],[699.918,6322.98,0],[8832.65,6790.56,0],[1569.48,4229.08,0],[10838.3,844.075,0],[11671,6417.6,0],[9751.6,6782.24,0],[6845.69,7513.24,0],[3975.32,7154.63,0]];

GRLIB_Marker_SHOP = [[1034.62,2465.38,1.25618],[6317.87,4493.04,1.07797],[2850.48,9383.54,0],[8588.11,10219.1,0],[11397.6,3771.67,0]];
