GRLIB_Marker_ATM = [];
GRLIB_Marker_SRV = [[3314.91,4187.13,0],[2686.8,10177.5,0],[8643.31,9928.04,0],[10839.2,3564.05,0],[5000.08,763.085,0]];
GRLIB_Marker_FUEL = [[8797.82,4329.96,0],[6914.87,6927.62,0],[8633.72,9825.41,0],[3215.34,9871.99,0]];
GRLIB_Marker_SHOP = [[3565.33,3415.79,0],[8262.19,2564.11,0],[7594.39,9993.85,0.356345],[2744.39,9007.76,0],[6828.28,6036.59,0.526668]];
