GRLIB_Marker_ATM = [[13128.4,14419.9,0],[7687.55,8246.42,0]];

GRLIB_Marker_SRV = [[8284.1,9223.17,0],[10571.7,1847.53,0],[11364.6,8207.55,0],[10919.6,17558,0]];

GRLIB_Marker_FUEL = [[7922,2333.84,0],[10643.1,4703.47,0],[6832,7146.68,0],[13133.3,14491.6,0],[12688.4,16919.8,0]];

GRLIB_Marker_SHOP = [[10604.3,1889.79,0.27947],[8948.1,9958.01,0.718959],[14041.5,6418.64,0.435001],[12288.9,15886.1,0]];
