GRLIB_Marker_ATM = [];

GRLIB_Marker_SRV = [[4859.06,3559.71,0],[6591.45,4881.85,0],[9933.71,4728.47,0],[11747.5,6028.97,0],[11686.8,9806.42,0],[9056.2,12207,0],[5480.05,10186.9,0],[2301.01,8667.21,0],[3137.74,6150.99,0],[602.406,13153.3,0],[8443.63,8314.85,0],[13142.7,7438.87,0],[14930.3,7345.7,0]];

GRLIB_Marker_FUEL = [[3622.13,1850.17,0],[9767.38,5917.01,0],[9744.22,9794.17,0],[4280.33,9820.33,0],[1786.66,13656,0],[10332.2,12936.9,0],[5557.5,4669.81,0],[14907.7,7323.49,0]];

GRLIB_Marker_SHOP = [[8497.39,4356.74,0],[7560.34,10068.2,0.88422],[10312.4,12948.8,0],[5966.25,6192.12,0.313069],[2327.61,9575.18,0],[11197.2,7646.97,0.641943],[3216.17,2176.22,0.368092],[14952,7372.79,0]];
