GRLIB_Marker_ATM = [[2995.93,5587.46,0],[6274.9,5084.59,0]];

GRLIB_Marker_SRV = [[2384.69,7418.65,0],[7262.34,7443.56,0],[6561.69,2260.71,0],[2831.58,488.256,0]];

GRLIB_Marker_FUEL = [[6765.81,1274.8,0],[5080.69,6185.24,0],[5631.38,7473.71,0],[2999.37,5524.92,0.216641]];

GRLIB_Marker_SHOP = [[6216.3,2803.76,0],[2685.7,2603.25,0],[2575.66,7192.64,0.156],[7140.45,7361.25,0.156013]];
