GRLIB_Marker_ATM = [[12930.8,15934,0],[16483,9680.56,0],[12246.5,6972.24,0],[7271,11159.8,0],[7055.69,18679.7,0]];

GRLIB_Marker_SRV = [[4091.76,17067.3,0],[7739.33,20199.6,0],[10007.9,14575,0],[1321.8,6738.13,0],[4568.42,3964.05,0],[2386.43,2129.48,0],[12687.5,1863.5,0],[18705.9,4039.53,0],[14187.4,11474.7,0],[5133.87,11104,0],[14605.8,7174.38,0],[16219.5,16144.5,0]];

GRLIB_Marker_FUEL = [[11933.6,14720.4,0],[17657.1,7522.27,0],[16180.6,5268.11,0],[8312.85,2540.68,0],[934.01,7080,0],[13109.9,6394,0]];

GRLIB_Marker_SHOP = [[4233.92,18747.5,1.31068],[8305.08,17212.4,1.12892],[12062.6,12223.8,0.377304],[1513.41,7429.45,0.553101],[8945.44,2478.17,0],[17272.7,7801.37,0.398544],[16210.4,14893,0.514389]];
